240 optimal positions found:  1: [[0, 1], [0, 4], [3, 2], [3, 0], [3, 5]]
    [ ][0][ ][ ][1][ ]
    [ ][ ][ ][ ][ ][ ]
    [ ][ ][ ][ ][ ][ ]
    [3][ ][2][ ][ ][4]
    [ ][ ][ ][ ][ ][ ]

  2: [[0, 1], [0, 4], [3, 2], [3, 5], [3, 0]]
    [ ][0][ ][ ][1][ ]
    [ ][ ][ ][ ][ ][ ]
    [ ][ ][ ][ ][ ][ ]
    [4][ ][2][ ][ ][3]
    [ ][ ][ ][ ][ ][ ]

  3: [[0, 1], [0, 4], [3, 5], [3, 2], [3, 0]]
    [ ][0][ ][ ][1][ ]
    [ ][ ][ ][ ][ ][ ]
    [ ][ ][ ][ ][ ][ ]
    [4][ ][3][ ][ ][2]
    [ ][ ][ ][ ][ ][ ]

  4: [[0, 1], [3, 2], [0, 4], [3, 0], [3, 5]]
    [ ][0][ ][ ][2][ ]
    [ ][ ][ ][ ][ ][ ]
    [ ][ ][ ][ ][ ][ ]
    [3][ ][1][ ][ ][4]
    [ ][ ][ ][ ][ ][ ]

  5: [[0, 1], [3, 2], [0, 4], [3, 5], [3, 0]]
    [ ][0][ ][ ][2][ ]
    [ ][ ][ ][ ][ ][ ]
    [ ][ ][ ][ ][ ][ ]
    [4][ ][1][ ][ ][3]
    [ ][ ][ ][ ][ ][ ]

  6: [[0, 1], [3, 2], [3, 0], [0, 4], [3, 5]]
    [ ][0][ ][ ][3][ ]
    [ ][ ][ ][ ][ ][ ]
    [ ][ ][ ][ ][ ][ ]
    [2][ ][1][ ][ ][4]
    [ ][ ][ ][ ][ ][ ]

  7: [[0, 1], [3, 2], [3, 0], [3, 5], [0, 4]]
    [ ][0][ ][ ][4][ ]
    [ ][ ][ ][ ][ ][ ]
    [ ][ ][ ][ ][ ][ ]
    [2][ ][1][ ][ ][3]
    [ ][ ][ ][ ][ ][ ]

  8: [[0, 1], [3, 2], [3, 5], [0, 4], [3, 0]]
    [ ][0][ ][ ][3][ ]
    [ ][ ][ ][ ][ ][ ]
    [ ][ ][ ][ ][ ][ ]
    [4][ ][1][ ][ ][2]
    [ ][ ][ ][ ][ ][ ]

  9: [[0, 1], [3, 2], [3, 5], [3, 0], [0, 4]]
    [ ][0][ ][ ][4][ ]
    [ ][ ][ ][ ][ ][ ]
    [ ][ ][ ][ ][ ][ ]
    [3][ ][1][ ][ ][2]
    [ ][ ][ ][ ][ ][ ]

 10: [[0, 1], [3, 5], [0, 4], [3, 2], [3, 0]]
    [ ][0][ ][ ][2][ ]
    [ ][ ][ ][ ][ ][ ]
    [ ][ ][ ][ ][ ][ ]
    [4][ ][3][ ][ ][1]
    [ ][ ][ ][ ][ ][ ]

 11: [[0, 1], [3, 5], [3, 2], [0, 4], [3, 0]]
    [ ][0][ ][ ][3][ ]
    [ ][ ][ ][ ][ ][ ]
    [ ][ ][ ][ ][ ][ ]
    [4][ ][2][ ][ ][1]
    [ ][ ][ ][ ][ ][ ]

 12: [[0, 1], [3, 5], [3, 2], [3, 0], [0, 4]]
    [ ][0][ ][ ][4][ ]
    [ ][ ][ ][ ][ ][ ]
    [ ][ ][ ][ ][ ][ ]
    [3][ ][2][ ][ ][1]
    [ ][ ][ ][ ][ ][ ]

 13: [[0, 4], [0, 1], [3, 2], [3, 0], [3, 5]]
    [ ][1][ ][ ][0][ ]
    [ ][ ][ ][ ][ ][ ]
    [ ][ ][ ][ ][ ][ ]
    [3][ ][2][ ][ ][4]
    [ ][ ][ ][ ][ ][ ]

 14: [[0, 4], [0, 1], [3, 2], [3, 5], [3, 0]]
    [ ][1][ ][ ][0][ ]
    [ ][ ][ ][ ][ ][ ]
    [ ][ ][ ][ ][ ][ ]
    [4][ ][2][ ][ ][3]
    [ ][ ][ ][ ][ ][ ]

 15: [[0, 4], [0, 1], [3, 5], [3, 2], [3, 0]]
    [ ][1][ ][ ][0][ ]
    [ ][ ][ ][ ][ ][ ]
    [ ][ ][ ][ ][ ][ ]
    [4][ ][3][ ][ ][2]
    [ ][ ][ ][ ][ ][ ]

 16: [[0, 4], [3, 2], [0, 1], [3, 0], [3, 5]]
    [ ][2][ ][ ][0][ ]
    [ ][ ][ ][ ][ ][ ]
    [ ][ ][ ][ ][ ][ ]
    [3][ ][1][ ][ ][4]
    [ ][ ][ ][ ][ ][ ]

 17: [[0, 4], [3, 2], [0, 1], [3, 5], [3, 0]]
    [ ][2][ ][ ][0][ ]
    [ ][ ][ ][ ][ ][ ]
    [ ][ ][ ][ ][ ][ ]
    [4][ ][1][ ][ ][3]
    [ ][ ][ ][ ][ ][ ]

 18: [[0, 4], [3, 2], [3, 0], [0, 1], [3, 5]]
    [ ][3][ ][ ][0][ ]
    [ ][ ][ ][ ][ ][ ]
    [ ][ ][ ][ ][ ][ ]
    [2][ ][1][ ][ ][4]
    [ ][ ][ ][ ][ ][ ]

 19: [[0, 4], [3, 2], [3, 0], [3, 5], [0, 1]]
    [ ][4][ ][ ][0][ ]
    [ ][ ][ ][ ][ ][ ]
    [ ][ ][ ][ ][ ][ ]
    [2][ ][1][ ][ ][3]
    [ ][ ][ ][ ][ ][ ]

 20: [[0, 4], [3, 2], [3, 5], [0, 1], [3, 0]]
    [ ][3][ ][ ][0][ ]
    [ ][ ][ ][ ][ ][ ]
    [ ][ ][ ][ ][ ][ ]
    [4][ ][1][ ][ ][2]
    [ ][ ][ ][ ][ ][ ]

 21: [[0, 4], [3, 2], [3, 5], [3, 0], [0, 1]]
    [ ][4][ ][ ][0][ ]
    [ ][ ][ ][ ][ ][ ]
    [ ][ ][ ][ ][ ][ ]
    [3][ ][1][ ][ ][2]
    [ ][ ][ ][ ][ ][ ]

 22: [[0, 4], [3, 5], [0, 1], [3, 2], [3, 0]]
    [ ][2][ ][ ][0][ ]
    [ ][ ][ ][ ][ ][ ]
    [ ][ ][ ][ ][ ][ ]
    [4][ ][3][ ][ ][1]
    [ ][ ][ ][ ][ ][ ]

 23: [[0, 4], [3, 5], [3, 2], [0, 1], [3, 0]]
    [ ][3][ ][ ][0][ ]
    [ ][ ][ ][ ][ ][ ]
    [ ][ ][ ][ ][ ][ ]
    [4][ ][2][ ][ ][1]
    [ ][ ][ ][ ][ ][ ]

 24: [[0, 4], [3, 5], [3, 2], [3, 0], [0, 1]]
    [ ][4][ ][ ][0][ ]
    [ ][ ][ ][ ][ ][ ]
    [ ][ ][ ][ ][ ][ ]
    [3][ ][2][ ][ ][1]
    [ ][ ][ ][ ][ ][ ]

 25: [[3, 2], [0, 1], [0, 4], [3, 0], [3, 5]]
    [ ][1][ ][ ][2][ ]
    [ ][ ][ ][ ][ ][ ]
    [ ][ ][ ][ ][ ][ ]
    [3][ ][0][ ][ ][4]
    [ ][ ][ ][ ][ ][ ]

 26: [[3, 2], [0, 1], [0, 4], [3, 5], [3, 0]]
    [ ][1][ ][ ][2][ ]
    [ ][ ][ ][ ][ ][ ]
    [ ][ ][ ][ ][ ][ ]
    [4][ ][0][ ][ ][3]
    [ ][ ][ ][ ][ ][ ]

 27: [[3, 2], [0, 1], [3, 0], [0, 4], [3, 5]]
    [ ][1][ ][ ][3][ ]
    [ ][ ][ ][ ][ ][ ]
    [ ][ ][ ][ ][ ][ ]
    [2][ ][0][ ][ ][4]
    [ ][ ][ ][ ][ ][ ]

 28: [[3, 2], [0, 1], [3, 0], [3, 5], [0, 4]]
    [ ][1][ ][ ][4][ ]
    [ ][ ][ ][ ][ ][ ]
    [ ][ ][ ][ ][ ][ ]
    [2][ ][0][ ][ ][3]
    [ ][ ][ ][ ][ ][ ]

 29: [[3, 2], [0, 1], [3, 5], [0, 4], [3, 0]]
    [ ][1][ ][ ][3][ ]
    [ ][ ][ ][ ][ ][ ]
    [ ][ ][ ][ ][ ][ ]
    [4][ ][0][ ][ ][2]
    [ ][ ][ ][ ][ ][ ]

 30: [[3, 2], [0, 1], [3, 5], [3, 0], [0, 4]]
    [ ][1][ ][ ][4][ ]
    [ ][ ][ ][ ][ ][ ]
    [ ][ ][ ][ ][ ][ ]
    [3][ ][0][ ][ ][2]
    [ ][ ][ ][ ][ ][ ]

 31: [[3, 2], [0, 4], [0, 1], [3, 0], [3, 5]]
    [ ][2][ ][ ][1][ ]
    [ ][ ][ ][ ][ ][ ]
    [ ][ ][ ][ ][ ][ ]
    [3][ ][0][ ][ ][4]
    [ ][ ][ ][ ][ ][ ]

 32: [[3, 2], [0, 4], [0, 1], [3, 5], [3, 0]]
    [ ][2][ ][ ][1][ ]
    [ ][ ][ ][ ][ ][ ]
    [ ][ ][ ][ ][ ][ ]
    [4][ ][0][ ][ ][3]
    [ ][ ][ ][ ][ ][ ]

 33: [[3, 2], [0, 4], [3, 0], [0, 1], [3, 5]]
    [ ][3][ ][ ][1][ ]
    [ ][ ][ ][ ][ ][ ]
    [ ][ ][ ][ ][ ][ ]
    [2][ ][0][ ][ ][4]
    [ ][ ][ ][ ][ ][ ]

 34: [[3, 2], [0, 4], [3, 0], [3, 5], [0, 1]]
    [ ][4][ ][ ][1][ ]
    [ ][ ][ ][ ][ ][ ]
    [ ][ ][ ][ ][ ][ ]
    [2][ ][0][ ][ ][3]
    [ ][ ][ ][ ][ ][ ]

 35: [[3, 2], [0, 4], [3, 5], [0, 1], [3, 0]]
    [ ][3][ ][ ][1][ ]
    [ ][ ][ ][ ][ ][ ]
    [ ][ ][ ][ ][ ][ ]
    [4][ ][0][ ][ ][2]
    [ ][ ][ ][ ][ ][ ]

 36: [[3, 2], [0, 4], [3, 5], [3, 0], [0, 1]]
    [ ][4][ ][ ][1][ ]
    [ ][ ][ ][ ][ ][ ]
    [ ][ ][ ][ ][ ][ ]
    [3][ ][0][ ][ ][2]
    [ ][ ][ ][ ][ ][ ]

 37: [[3, 2], [3, 0], [0, 1], [0, 4], [3, 5]]
    [ ][2][ ][ ][3][ ]
    [ ][ ][ ][ ][ ][ ]
    [ ][ ][ ][ ][ ][ ]
    [1][ ][0][ ][ ][4]
    [ ][ ][ ][ ][ ][ ]

 38: [[3, 2], [3, 0], [0, 1], [3, 5], [0, 4]]
    [ ][2][ ][ ][4][ ]
    [ ][ ][ ][ ][ ][ ]
    [ ][ ][ ][ ][ ][ ]
    [1][ ][0][ ][ ][3]
    [ ][ ][ ][ ][ ][ ]

 39: [[3, 2], [3, 0], [0, 4], [0, 1], [3, 5]]
    [ ][3][ ][ ][2][ ]
    [ ][ ][ ][ ][ ][ ]
    [ ][ ][ ][ ][ ][ ]
    [1][ ][0][ ][ ][4]
    [ ][ ][ ][ ][ ][ ]

 40: [[3, 2], [3, 0], [0, 4], [3, 5], [0, 1]]
    [ ][4][ ][ ][2][ ]
    [ ][ ][ ][ ][ ][ ]
    [ ][ ][ ][ ][ ][ ]
    [1][ ][0][ ][ ][3]
    [ ][ ][ ][ ][ ][ ]

 41: [[3, 2], [3, 0], [3, 5], [0, 1], [0, 4]]
    [ ][3][ ][ ][4][ ]
    [ ][ ][ ][ ][ ][ ]
    [ ][ ][ ][ ][ ][ ]
    [1][ ][0][ ][ ][2]
    [ ][ ][ ][ ][ ][ ]

 42: [[3, 2], [3, 0], [3, 5], [0, 4], [0, 1]]
    [ ][4][ ][ ][3][ ]
    [ ][ ][ ][ ][ ][ ]
    [ ][ ][ ][ ][ ][ ]
    [1][ ][0][ ][ ][2]
    [ ][ ][ ][ ][ ][ ]

 43: [[3, 2], [3, 5], [0, 1], [0, 4], [3, 0]]
    [ ][2][ ][ ][3][ ]
    [ ][ ][ ][ ][ ][ ]
    [ ][ ][ ][ ][ ][ ]
    [4][ ][0][ ][ ][1]
    [ ][ ][ ][ ][ ][ ]

 44: [[3, 2], [3, 5], [0, 1], [3, 0], [0, 4]]
    [ ][2][ ][ ][4][ ]
    [ ][ ][ ][ ][ ][ ]
    [ ][ ][ ][ ][ ][ ]
    [3][ ][0][ ][ ][1]
    [ ][ ][ ][ ][ ][ ]

 45: [[3, 2], [3, 5], [0, 4], [0, 1], [3, 0]]
    [ ][3][ ][ ][2][ ]
    [ ][ ][ ][ ][ ][ ]
    [ ][ ][ ][ ][ ][ ]
    [4][ ][0][ ][ ][1]
    [ ][ ][ ][ ][ ][ ]

 46: [[3, 2], [3, 5], [0, 4], [3, 0], [0, 1]]
    [ ][4][ ][ ][2][ ]
    [ ][ ][ ][ ][ ][ ]
    [ ][ ][ ][ ][ ][ ]
    [3][ ][0][ ][ ][1]
    [ ][ ][ ][ ][ ][ ]

 47: [[3, 2], [3, 5], [3, 0], [0, 1], [0, 4]]
    [ ][3][ ][ ][4][ ]
    [ ][ ][ ][ ][ ][ ]
    [ ][ ][ ][ ][ ][ ]
    [2][ ][0][ ][ ][1]
    [ ][ ][ ][ ][ ][ ]

 48: [[3, 2], [3, 5], [3, 0], [0, 4], [0, 1]]
    [ ][4][ ][ ][3][ ]
    [ ][ ][ ][ ][ ][ ]
    [ ][ ][ ][ ][ ][ ]
    [2][ ][0][ ][ ][1]
    [ ][ ][ ][ ][ ][ ]

 49: [[3, 5], [0, 1], [0, 4], [3, 2], [3, 0]]
    [ ][1][ ][ ][2][ ]
    [ ][ ][ ][ ][ ][ ]
    [ ][ ][ ][ ][ ][ ]
    [4][ ][3][ ][ ][0]
    [ ][ ][ ][ ][ ][ ]

 50: [[3, 5], [0, 1], [3, 2], [0, 4], [3, 0]]
    [ ][1][ ][ ][3][ ]
    [ ][ ][ ][ ][ ][ ]
    [ ][ ][ ][ ][ ][ ]
    [4][ ][2][ ][ ][0]
    [ ][ ][ ][ ][ ][ ]

 51: [[3, 5], [0, 1], [3, 2], [3, 0], [0, 4]]
    [ ][1][ ][ ][4][ ]
    [ ][ ][ ][ ][ ][ ]
    [ ][ ][ ][ ][ ][ ]
    [3][ ][2][ ][ ][0]
    [ ][ ][ ][ ][ ][ ]

 52: [[3, 5], [0, 4], [0, 1], [3, 2], [3, 0]]
    [ ][2][ ][ ][1][ ]
    [ ][ ][ ][ ][ ][ ]
    [ ][ ][ ][ ][ ][ ]
    [4][ ][3][ ][ ][0]
    [ ][ ][ ][ ][ ][ ]

 53: [[3, 5], [0, 4], [3, 2], [0, 1], [3, 0]]
    [ ][3][ ][ ][1][ ]
    [ ][ ][ ][ ][ ][ ]
    [ ][ ][ ][ ][ ][ ]
    [4][ ][2][ ][ ][0]
    [ ][ ][ ][ ][ ][ ]

 54: [[3, 5], [0, 4], [3, 2], [3, 0], [0, 1]]
    [ ][4][ ][ ][1][ ]
    [ ][ ][ ][ ][ ][ ]
    [ ][ ][ ][ ][ ][ ]
    [3][ ][2][ ][ ][0]
    [ ][ ][ ][ ][ ][ ]

 55: [[3, 5], [3, 2], [0, 1], [0, 4], [3, 0]]
    [ ][2][ ][ ][3][ ]
    [ ][ ][ ][ ][ ][ ]
    [ ][ ][ ][ ][ ][ ]
    [4][ ][1][ ][ ][0]
    [ ][ ][ ][ ][ ][ ]

 56: [[3, 5], [3, 2], [0, 1], [3, 0], [0, 4]]
    [ ][2][ ][ ][4][ ]
    [ ][ ][ ][ ][ ][ ]
    [ ][ ][ ][ ][ ][ ]
    [3][ ][1][ ][ ][0]
    [ ][ ][ ][ ][ ][ ]

 57: [[3, 5], [3, 2], [0, 4], [0, 1], [3, 0]]
    [ ][3][ ][ ][2][ ]
    [ ][ ][ ][ ][ ][ ]
    [ ][ ][ ][ ][ ][ ]
    [4][ ][1][ ][ ][0]
    [ ][ ][ ][ ][ ][ ]

 58: [[3, 5], [3, 2], [0, 4], [3, 0], [0, 1]]
    [ ][4][ ][ ][2][ ]
    [ ][ ][ ][ ][ ][ ]
    [ ][ ][ ][ ][ ][ ]
    [3][ ][1][ ][ ][0]
    [ ][ ][ ][ ][ ][ ]

 59: [[3, 5], [3, 2], [3, 0], [0, 1], [0, 4]]
    [ ][3][ ][ ][4][ ]
    [ ][ ][ ][ ][ ][ ]
    [ ][ ][ ][ ][ ][ ]
    [2][ ][1][ ][ ][0]
    [ ][ ][ ][ ][ ][ ]

 60: [[3, 5], [3, 2], [3, 0], [0, 4], [0, 1]]
    [ ][4][ ][ ][3][ ]
    [ ][ ][ ][ ][ ][ ]
    [ ][ ][ ][ ][ ][ ]
    [2][ ][1][ ][ ][0]
    [ ][ ][ ][ ][ ][ ]

 61: [[0, 1], [0, 4], [3, 0], [3, 3], [3, 5]]
    [ ][0][ ][ ][1][ ]
    [ ][ ][ ][ ][ ][ ]
    [ ][ ][ ][ ][ ][ ]
    [2][ ][ ][3][ ][4]
    [ ][ ][ ][ ][ ][ ]

 62: [[0, 1], [0, 4], [3, 3], [3, 0], [3, 5]]
    [ ][0][ ][ ][1][ ]
    [ ][ ][ ][ ][ ][ ]
    [ ][ ][ ][ ][ ][ ]
    [3][ ][ ][2][ ][4]
    [ ][ ][ ][ ][ ][ ]

 63: [[0, 1], [0, 4], [3, 3], [3, 5], [3, 0]]
    [ ][0][ ][ ][1][ ]
    [ ][ ][ ][ ][ ][ ]
    [ ][ ][ ][ ][ ][ ]
    [4][ ][ ][2][ ][3]
    [ ][ ][ ][ ][ ][ ]

 64: [[0, 1], [3, 0], [0, 4], [3, 3], [3, 5]]
    [ ][0][ ][ ][2][ ]
    [ ][ ][ ][ ][ ][ ]
    [ ][ ][ ][ ][ ][ ]
    [1][ ][ ][3][ ][4]
    [ ][ ][ ][ ][ ][ ]

 65: [[0, 1], [3, 0], [3, 3], [0, 4], [3, 5]]
    [ ][0][ ][ ][3][ ]
    [ ][ ][ ][ ][ ][ ]
    [ ][ ][ ][ ][ ][ ]
    [1][ ][ ][2][ ][4]
    [ ][ ][ ][ ][ ][ ]

 66: [[0, 1], [3, 0], [3, 3], [3, 5], [0, 4]]
    [ ][0][ ][ ][4][ ]
    [ ][ ][ ][ ][ ][ ]
    [ ][ ][ ][ ][ ][ ]
    [1][ ][ ][2][ ][3]
    [ ][ ][ ][ ][ ][ ]

 67: [[0, 1], [3, 3], [0, 4], [3, 0], [3, 5]]
    [ ][0][ ][ ][2][ ]
    [ ][ ][ ][ ][ ][ ]
    [ ][ ][ ][ ][ ][ ]
    [3][ ][ ][1][ ][4]
    [ ][ ][ ][ ][ ][ ]

 68: [[0, 1], [3, 3], [0, 4], [3, 5], [3, 0]]
    [ ][0][ ][ ][2][ ]
    [ ][ ][ ][ ][ ][ ]
    [ ][ ][ ][ ][ ][ ]
    [4][ ][ ][1][ ][3]
    [ ][ ][ ][ ][ ][ ]

 69: [[0, 1], [3, 3], [3, 0], [0, 4], [3, 5]]
    [ ][0][ ][ ][3][ ]
    [ ][ ][ ][ ][ ][ ]
    [ ][ ][ ][ ][ ][ ]
    [2][ ][ ][1][ ][4]
    [ ][ ][ ][ ][ ][ ]

 70: [[0, 1], [3, 3], [3, 0], [3, 5], [0, 4]]
    [ ][0][ ][ ][4][ ]
    [ ][ ][ ][ ][ ][ ]
    [ ][ ][ ][ ][ ][ ]
    [2][ ][ ][1][ ][3]
    [ ][ ][ ][ ][ ][ ]

 71: [[0, 1], [3, 3], [3, 5], [0, 4], [3, 0]]
    [ ][0][ ][ ][3][ ]
    [ ][ ][ ][ ][ ][ ]
    [ ][ ][ ][ ][ ][ ]
    [4][ ][ ][1][ ][2]
    [ ][ ][ ][ ][ ][ ]

 72: [[0, 1], [3, 3], [3, 5], [3, 0], [0, 4]]
    [ ][0][ ][ ][4][ ]
    [ ][ ][ ][ ][ ][ ]
    [ ][ ][ ][ ][ ][ ]
    [3][ ][ ][1][ ][2]
    [ ][ ][ ][ ][ ][ ]

 73: [[0, 4], [0, 1], [3, 0], [3, 3], [3, 5]]
    [ ][1][ ][ ][0][ ]
    [ ][ ][ ][ ][ ][ ]
    [ ][ ][ ][ ][ ][ ]
    [2][ ][ ][3][ ][4]
    [ ][ ][ ][ ][ ][ ]

 74: [[0, 4], [0, 1], [3, 3], [3, 0], [3, 5]]
    [ ][1][ ][ ][0][ ]
    [ ][ ][ ][ ][ ][ ]
    [ ][ ][ ][ ][ ][ ]
    [3][ ][ ][2][ ][4]
    [ ][ ][ ][ ][ ][ ]

 75: [[0, 4], [0, 1], [3, 3], [3, 5], [3, 0]]
    [ ][1][ ][ ][0][ ]
    [ ][ ][ ][ ][ ][ ]
    [ ][ ][ ][ ][ ][ ]
    [4][ ][ ][2][ ][3]
    [ ][ ][ ][ ][ ][ ]

 76: [[0, 4], [3, 0], [0, 1], [3, 3], [3, 5]]
    [ ][2][ ][ ][0][ ]
    [ ][ ][ ][ ][ ][ ]
    [ ][ ][ ][ ][ ][ ]
    [1][ ][ ][3][ ][4]
    [ ][ ][ ][ ][ ][ ]

 77: [[0, 4], [3, 0], [3, 3], [0, 1], [3, 5]]
    [ ][3][ ][ ][0][ ]
    [ ][ ][ ][ ][ ][ ]
    [ ][ ][ ][ ][ ][ ]
    [1][ ][ ][2][ ][4]
    [ ][ ][ ][ ][ ][ ]

 78: [[0, 4], [3, 0], [3, 3], [3, 5], [0, 1]]
    [ ][4][ ][ ][0][ ]
    [ ][ ][ ][ ][ ][ ]
    [ ][ ][ ][ ][ ][ ]
    [1][ ][ ][2][ ][3]
    [ ][ ][ ][ ][ ][ ]

 79: [[0, 4], [3, 3], [0, 1], [3, 0], [3, 5]]
    [ ][2][ ][ ][0][ ]
    [ ][ ][ ][ ][ ][ ]
    [ ][ ][ ][ ][ ][ ]
    [3][ ][ ][1][ ][4]
    [ ][ ][ ][ ][ ][ ]

 80: [[0, 4], [3, 3], [0, 1], [3, 5], [3, 0]]
    [ ][2][ ][ ][0][ ]
    [ ][ ][ ][ ][ ][ ]
    [ ][ ][ ][ ][ ][ ]
    [4][ ][ ][1][ ][3]
    [ ][ ][ ][ ][ ][ ]

 81: [[0, 4], [3, 3], [3, 0], [0, 1], [3, 5]]
    [ ][3][ ][ ][0][ ]
    [ ][ ][ ][ ][ ][ ]
    [ ][ ][ ][ ][ ][ ]
    [2][ ][ ][1][ ][4]
    [ ][ ][ ][ ][ ][ ]

 82: [[0, 4], [3, 3], [3, 0], [3, 5], [0, 1]]
    [ ][4][ ][ ][0][ ]
    [ ][ ][ ][ ][ ][ ]
    [ ][ ][ ][ ][ ][ ]
    [2][ ][ ][1][ ][3]
    [ ][ ][ ][ ][ ][ ]

 83: [[0, 4], [3, 3], [3, 5], [0, 1], [3, 0]]
    [ ][3][ ][ ][0][ ]
    [ ][ ][ ][ ][ ][ ]
    [ ][ ][ ][ ][ ][ ]
    [4][ ][ ][1][ ][2]
    [ ][ ][ ][ ][ ][ ]

 84: [[0, 4], [3, 3], [3, 5], [3, 0], [0, 1]]
    [ ][4][ ][ ][0][ ]
    [ ][ ][ ][ ][ ][ ]
    [ ][ ][ ][ ][ ][ ]
    [3][ ][ ][1][ ][2]
    [ ][ ][ ][ ][ ][ ]

 85: [[3, 0], [0, 1], [0, 4], [3, 3], [3, 5]]
    [ ][1][ ][ ][2][ ]
    [ ][ ][ ][ ][ ][ ]
    [ ][ ][ ][ ][ ][ ]
    [0][ ][ ][3][ ][4]
    [ ][ ][ ][ ][ ][ ]

 86: [[3, 0], [0, 1], [3, 3], [0, 4], [3, 5]]
    [ ][1][ ][ ][3][ ]
    [ ][ ][ ][ ][ ][ ]
    [ ][ ][ ][ ][ ][ ]
    [0][ ][ ][2][ ][4]
    [ ][ ][ ][ ][ ][ ]

 87: [[3, 0], [0, 1], [3, 3], [3, 5], [0, 4]]
    [ ][1][ ][ ][4][ ]
    [ ][ ][ ][ ][ ][ ]
    [ ][ ][ ][ ][ ][ ]
    [0][ ][ ][2][ ][3]
    [ ][ ][ ][ ][ ][ ]

 88: [[3, 0], [0, 4], [0, 1], [3, 3], [3, 5]]
    [ ][2][ ][ ][1][ ]
    [ ][ ][ ][ ][ ][ ]
    [ ][ ][ ][ ][ ][ ]
    [0][ ][ ][3][ ][4]
    [ ][ ][ ][ ][ ][ ]

 89: [[3, 0], [0, 4], [3, 3], [0, 1], [3, 5]]
    [ ][3][ ][ ][1][ ]
    [ ][ ][ ][ ][ ][ ]
    [ ][ ][ ][ ][ ][ ]
    [0][ ][ ][2][ ][4]
    [ ][ ][ ][ ][ ][ ]

 90: [[3, 0], [0, 4], [3, 3], [3, 5], [0, 1]]
    [ ][4][ ][ ][1][ ]
    [ ][ ][ ][ ][ ][ ]
    [ ][ ][ ][ ][ ][ ]
    [0][ ][ ][2][ ][3]
    [ ][ ][ ][ ][ ][ ]

 91: [[3, 0], [3, 3], [0, 1], [0, 4], [3, 5]]
    [ ][2][ ][ ][3][ ]
    [ ][ ][ ][ ][ ][ ]
    [ ][ ][ ][ ][ ][ ]
    [0][ ][ ][1][ ][4]
    [ ][ ][ ][ ][ ][ ]

 92: [[3, 0], [3, 3], [0, 1], [3, 5], [0, 4]]
    [ ][2][ ][ ][4][ ]
    [ ][ ][ ][ ][ ][ ]
    [ ][ ][ ][ ][ ][ ]
    [0][ ][ ][1][ ][3]
    [ ][ ][ ][ ][ ][ ]

 93: [[3, 0], [3, 3], [0, 4], [0, 1], [3, 5]]
    [ ][3][ ][ ][2][ ]
    [ ][ ][ ][ ][ ][ ]
    [ ][ ][ ][ ][ ][ ]
    [0][ ][ ][1][ ][4]
    [ ][ ][ ][ ][ ][ ]

 94: [[3, 0], [3, 3], [0, 4], [3, 5], [0, 1]]
    [ ][4][ ][ ][2][ ]
    [ ][ ][ ][ ][ ][ ]
    [ ][ ][ ][ ][ ][ ]
    [0][ ][ ][1][ ][3]
    [ ][ ][ ][ ][ ][ ]

 95: [[3, 0], [3, 3], [3, 5], [0, 1], [0, 4]]
    [ ][3][ ][ ][4][ ]
    [ ][ ][ ][ ][ ][ ]
    [ ][ ][ ][ ][ ][ ]
    [0][ ][ ][1][ ][2]
    [ ][ ][ ][ ][ ][ ]

 96: [[3, 0], [3, 3], [3, 5], [0, 4], [0, 1]]
    [ ][4][ ][ ][3][ ]
    [ ][ ][ ][ ][ ][ ]
    [ ][ ][ ][ ][ ][ ]
    [0][ ][ ][1][ ][2]
    [ ][ ][ ][ ][ ][ ]

 97: [[3, 3], [0, 1], [0, 4], [3, 0], [3, 5]]
    [ ][1][ ][ ][2][ ]
    [ ][ ][ ][ ][ ][ ]
    [ ][ ][ ][ ][ ][ ]
    [3][ ][ ][0][ ][4]
    [ ][ ][ ][ ][ ][ ]

 98: [[3, 3], [0, 1], [0, 4], [3, 5], [3, 0]]
    [ ][1][ ][ ][2][ ]
    [ ][ ][ ][ ][ ][ ]
    [ ][ ][ ][ ][ ][ ]
    [4][ ][ ][0][ ][3]
    [ ][ ][ ][ ][ ][ ]

 99: [[3, 3], [0, 1], [3, 0], [0, 4], [3, 5]]
    [ ][1][ ][ ][3][ ]
    [ ][ ][ ][ ][ ][ ]
    [ ][ ][ ][ ][ ][ ]
    [2][ ][ ][0][ ][4]
    [ ][ ][ ][ ][ ][ ]

100: [[3, 3], [0, 1], [3, 0], [3, 5], [0, 4]]
    [ ][1][ ][ ][4][ ]
    [ ][ ][ ][ ][ ][ ]
    [ ][ ][ ][ ][ ][ ]
    [2][ ][ ][0][ ][3]
    [ ][ ][ ][ ][ ][ ]

101: [[3, 3], [0, 1], [3, 5], [0, 4], [3, 0]]
    [ ][1][ ][ ][3][ ]
    [ ][ ][ ][ ][ ][ ]
    [ ][ ][ ][ ][ ][ ]
    [4][ ][ ][0][ ][2]
    [ ][ ][ ][ ][ ][ ]

102: [[3, 3], [0, 1], [3, 5], [3, 0], [0, 4]]
    [ ][1][ ][ ][4][ ]
    [ ][ ][ ][ ][ ][ ]
    [ ][ ][ ][ ][ ][ ]
    [3][ ][ ][0][ ][2]
    [ ][ ][ ][ ][ ][ ]

103: [[3, 3], [0, 4], [0, 1], [3, 0], [3, 5]]
    [ ][2][ ][ ][1][ ]
    [ ][ ][ ][ ][ ][ ]
    [ ][ ][ ][ ][ ][ ]
    [3][ ][ ][0][ ][4]
    [ ][ ][ ][ ][ ][ ]

104: [[3, 3], [0, 4], [0, 1], [3, 5], [3, 0]]
    [ ][2][ ][ ][1][ ]
    [ ][ ][ ][ ][ ][ ]
    [ ][ ][ ][ ][ ][ ]
    [4][ ][ ][0][ ][3]
    [ ][ ][ ][ ][ ][ ]

105: [[3, 3], [0, 4], [3, 0], [0, 1], [3, 5]]
    [ ][3][ ][ ][1][ ]
    [ ][ ][ ][ ][ ][ ]
    [ ][ ][ ][ ][ ][ ]
    [2][ ][ ][0][ ][4]
    [ ][ ][ ][ ][ ][ ]

106: [[3, 3], [0, 4], [3, 0], [3, 5], [0, 1]]
    [ ][4][ ][ ][1][ ]
    [ ][ ][ ][ ][ ][ ]
    [ ][ ][ ][ ][ ][ ]
    [2][ ][ ][0][ ][3]
    [ ][ ][ ][ ][ ][ ]

107: [[3, 3], [0, 4], [3, 5], [0, 1], [3, 0]]
    [ ][3][ ][ ][1][ ]
    [ ][ ][ ][ ][ ][ ]
    [ ][ ][ ][ ][ ][ ]
    [4][ ][ ][0][ ][2]
    [ ][ ][ ][ ][ ][ ]

108: [[3, 3], [0, 4], [3, 5], [3, 0], [0, 1]]
    [ ][4][ ][ ][1][ ]
    [ ][ ][ ][ ][ ][ ]
    [ ][ ][ ][ ][ ][ ]
    [3][ ][ ][0][ ][2]
    [ ][ ][ ][ ][ ][ ]

109: [[3, 3], [3, 0], [0, 1], [0, 4], [3, 5]]
    [ ][2][ ][ ][3][ ]
    [ ][ ][ ][ ][ ][ ]
    [ ][ ][ ][ ][ ][ ]
    [1][ ][ ][0][ ][4]
    [ ][ ][ ][ ][ ][ ]

110: [[3, 3], [3, 0], [0, 1], [3, 5], [0, 4]]
    [ ][2][ ][ ][4][ ]
    [ ][ ][ ][ ][ ][ ]
    [ ][ ][ ][ ][ ][ ]
    [1][ ][ ][0][ ][3]
    [ ][ ][ ][ ][ ][ ]

111: [[3, 3], [3, 0], [0, 4], [0, 1], [3, 5]]
    [ ][3][ ][ ][2][ ]
    [ ][ ][ ][ ][ ][ ]
    [ ][ ][ ][ ][ ][ ]
    [1][ ][ ][0][ ][4]
    [ ][ ][ ][ ][ ][ ]

112: [[3, 3], [3, 0], [0, 4], [3, 5], [0, 1]]
    [ ][4][ ][ ][2][ ]
    [ ][ ][ ][ ][ ][ ]
    [ ][ ][ ][ ][ ][ ]
    [1][ ][ ][0][ ][3]
    [ ][ ][ ][ ][ ][ ]

113: [[3, 3], [3, 0], [3, 5], [0, 1], [0, 4]]
    [ ][3][ ][ ][4][ ]
    [ ][ ][ ][ ][ ][ ]
    [ ][ ][ ][ ][ ][ ]
    [1][ ][ ][0][ ][2]
    [ ][ ][ ][ ][ ][ ]

114: [[3, 3], [3, 0], [3, 5], [0, 4], [0, 1]]
    [ ][4][ ][ ][3][ ]
    [ ][ ][ ][ ][ ][ ]
    [ ][ ][ ][ ][ ][ ]
    [1][ ][ ][0][ ][2]
    [ ][ ][ ][ ][ ][ ]

115: [[3, 3], [3, 5], [0, 1], [0, 4], [3, 0]]
    [ ][2][ ][ ][3][ ]
    [ ][ ][ ][ ][ ][ ]
    [ ][ ][ ][ ][ ][ ]
    [4][ ][ ][0][ ][1]
    [ ][ ][ ][ ][ ][ ]

116: [[3, 3], [3, 5], [0, 1], [3, 0], [0, 4]]
    [ ][2][ ][ ][4][ ]
    [ ][ ][ ][ ][ ][ ]
    [ ][ ][ ][ ][ ][ ]
    [3][ ][ ][0][ ][1]
    [ ][ ][ ][ ][ ][ ]

117: [[3, 3], [3, 5], [0, 4], [0, 1], [3, 0]]
    [ ][3][ ][ ][2][ ]
    [ ][ ][ ][ ][ ][ ]
    [ ][ ][ ][ ][ ][ ]
    [4][ ][ ][0][ ][1]
    [ ][ ][ ][ ][ ][ ]

118: [[3, 3], [3, 5], [0, 4], [3, 0], [0, 1]]
    [ ][4][ ][ ][2][ ]
    [ ][ ][ ][ ][ ][ ]
    [ ][ ][ ][ ][ ][ ]
    [3][ ][ ][0][ ][1]
    [ ][ ][ ][ ][ ][ ]

119: [[3, 3], [3, 5], [3, 0], [0, 1], [0, 4]]
    [ ][3][ ][ ][4][ ]
    [ ][ ][ ][ ][ ][ ]
    [ ][ ][ ][ ][ ][ ]
    [2][ ][ ][0][ ][1]
    [ ][ ][ ][ ][ ][ ]

120: [[3, 3], [3, 5], [3, 0], [0, 4], [0, 1]]
    [ ][4][ ][ ][3][ ]
    [ ][ ][ ][ ][ ][ ]
    [ ][ ][ ][ ][ ][ ]
    [2][ ][ ][0][ ][1]
    [ ][ ][ ][ ][ ][ ]

121: [[1, 2], [1, 0], [1, 5], [4, 1], [4, 4]]
    [ ][ ][ ][ ][ ][ ]
    [1][ ][0][ ][ ][2]
    [ ][ ][ ][ ][ ][ ]
    [ ][ ][ ][ ][ ][ ]
    [ ][3][ ][ ][4][ ]

122: [[1, 2], [1, 0], [1, 5], [4, 4], [4, 1]]
    [ ][ ][ ][ ][ ][ ]
    [1][ ][0][ ][ ][2]
    [ ][ ][ ][ ][ ][ ]
    [ ][ ][ ][ ][ ][ ]
    [ ][4][ ][ ][3][ ]

123: [[1, 2], [1, 0], [4, 1], [1, 5], [4, 4]]
    [ ][ ][ ][ ][ ][ ]
    [1][ ][0][ ][ ][3]
    [ ][ ][ ][ ][ ][ ]
    [ ][ ][ ][ ][ ][ ]
    [ ][2][ ][ ][4][ ]

124: [[1, 2], [1, 0], [4, 1], [4, 4], [1, 5]]
    [ ][ ][ ][ ][ ][ ]
    [1][ ][0][ ][ ][4]
    [ ][ ][ ][ ][ ][ ]
    [ ][ ][ ][ ][ ][ ]
    [ ][2][ ][ ][3][ ]

125: [[1, 2], [1, 0], [4, 4], [1, 5], [4, 1]]
    [ ][ ][ ][ ][ ][ ]
    [1][ ][0][ ][ ][3]
    [ ][ ][ ][ ][ ][ ]
    [ ][ ][ ][ ][ ][ ]
    [ ][4][ ][ ][2][ ]

126: [[1, 2], [1, 0], [4, 4], [4, 1], [1, 5]]
    [ ][ ][ ][ ][ ][ ]
    [1][ ][0][ ][ ][4]
    [ ][ ][ ][ ][ ][ ]
    [ ][ ][ ][ ][ ][ ]
    [ ][3][ ][ ][2][ ]

127: [[1, 2], [1, 5], [1, 0], [4, 1], [4, 4]]
    [ ][ ][ ][ ][ ][ ]
    [2][ ][0][ ][ ][1]
    [ ][ ][ ][ ][ ][ ]
    [ ][ ][ ][ ][ ][ ]
    [ ][3][ ][ ][4][ ]

128: [[1, 2], [1, 5], [1, 0], [4, 4], [4, 1]]
    [ ][ ][ ][ ][ ][ ]
    [2][ ][0][ ][ ][1]
    [ ][ ][ ][ ][ ][ ]
    [ ][ ][ ][ ][ ][ ]
    [ ][4][ ][ ][3][ ]

129: [[1, 2], [1, 5], [4, 1], [1, 0], [4, 4]]
    [ ][ ][ ][ ][ ][ ]
    [3][ ][0][ ][ ][1]
    [ ][ ][ ][ ][ ][ ]
    [ ][ ][ ][ ][ ][ ]
    [ ][2][ ][ ][4][ ]

130: [[1, 2], [1, 5], [4, 1], [4, 4], [1, 0]]
    [ ][ ][ ][ ][ ][ ]
    [4][ ][0][ ][ ][1]
    [ ][ ][ ][ ][ ][ ]
    [ ][ ][ ][ ][ ][ ]
    [ ][2][ ][ ][3][ ]

131: [[1, 2], [1, 5], [4, 4], [1, 0], [4, 1]]
    [ ][ ][ ][ ][ ][ ]
    [3][ ][0][ ][ ][1]
    [ ][ ][ ][ ][ ][ ]
    [ ][ ][ ][ ][ ][ ]
    [ ][4][ ][ ][2][ ]

132: [[1, 2], [1, 5], [4, 4], [4, 1], [1, 0]]
    [ ][ ][ ][ ][ ][ ]
    [4][ ][0][ ][ ][1]
    [ ][ ][ ][ ][ ][ ]
    [ ][ ][ ][ ][ ][ ]
    [ ][3][ ][ ][2][ ]

133: [[1, 2], [4, 1], [1, 0], [1, 5], [4, 4]]
    [ ][ ][ ][ ][ ][ ]
    [2][ ][0][ ][ ][3]
    [ ][ ][ ][ ][ ][ ]
    [ ][ ][ ][ ][ ][ ]
    [ ][1][ ][ ][4][ ]

134: [[1, 2], [4, 1], [1, 0], [4, 4], [1, 5]]
    [ ][ ][ ][ ][ ][ ]
    [2][ ][0][ ][ ][4]
    [ ][ ][ ][ ][ ][ ]
    [ ][ ][ ][ ][ ][ ]
    [ ][1][ ][ ][3][ ]

135: [[1, 2], [4, 1], [1, 5], [1, 0], [4, 4]]
    [ ][ ][ ][ ][ ][ ]
    [3][ ][0][ ][ ][2]
    [ ][ ][ ][ ][ ][ ]
    [ ][ ][ ][ ][ ][ ]
    [ ][1][ ][ ][4][ ]

136: [[1, 2], [4, 1], [1, 5], [4, 4], [1, 0]]
    [ ][ ][ ][ ][ ][ ]
    [4][ ][0][ ][ ][2]
    [ ][ ][ ][ ][ ][ ]
    [ ][ ][ ][ ][ ][ ]
    [ ][1][ ][ ][3][ ]

137: [[1, 2], [4, 1], [4, 4], [1, 0], [1, 5]]
    [ ][ ][ ][ ][ ][ ]
    [3][ ][0][ ][ ][4]
    [ ][ ][ ][ ][ ][ ]
    [ ][ ][ ][ ][ ][ ]
    [ ][1][ ][ ][2][ ]

138: [[1, 2], [4, 1], [4, 4], [1, 5], [1, 0]]
    [ ][ ][ ][ ][ ][ ]
    [4][ ][0][ ][ ][3]
    [ ][ ][ ][ ][ ][ ]
    [ ][ ][ ][ ][ ][ ]
    [ ][1][ ][ ][2][ ]

139: [[1, 2], [4, 4], [1, 0], [1, 5], [4, 1]]
    [ ][ ][ ][ ][ ][ ]
    [2][ ][0][ ][ ][3]
    [ ][ ][ ][ ][ ][ ]
    [ ][ ][ ][ ][ ][ ]
    [ ][4][ ][ ][1][ ]

140: [[1, 2], [4, 4], [1, 0], [4, 1], [1, 5]]
    [ ][ ][ ][ ][ ][ ]
    [2][ ][0][ ][ ][4]
    [ ][ ][ ][ ][ ][ ]
    [ ][ ][ ][ ][ ][ ]
    [ ][3][ ][ ][1][ ]

141: [[1, 2], [4, 4], [1, 5], [1, 0], [4, 1]]
    [ ][ ][ ][ ][ ][ ]
    [3][ ][0][ ][ ][2]
    [ ][ ][ ][ ][ ][ ]
    [ ][ ][ ][ ][ ][ ]
    [ ][4][ ][ ][1][ ]

142: [[1, 2], [4, 4], [1, 5], [4, 1], [1, 0]]
    [ ][ ][ ][ ][ ][ ]
    [4][ ][0][ ][ ][2]
    [ ][ ][ ][ ][ ][ ]
    [ ][ ][ ][ ][ ][ ]
    [ ][3][ ][ ][1][ ]

143: [[1, 2], [4, 4], [4, 1], [1, 0], [1, 5]]
    [ ][ ][ ][ ][ ][ ]
    [3][ ][0][ ][ ][4]
    [ ][ ][ ][ ][ ][ ]
    [ ][ ][ ][ ][ ][ ]
    [ ][2][ ][ ][1][ ]

144: [[1, 2], [4, 4], [4, 1], [1, 5], [1, 0]]
    [ ][ ][ ][ ][ ][ ]
    [4][ ][0][ ][ ][3]
    [ ][ ][ ][ ][ ][ ]
    [ ][ ][ ][ ][ ][ ]
    [ ][2][ ][ ][1][ ]

145: [[1, 5], [1, 2], [1, 0], [4, 1], [4, 4]]
    [ ][ ][ ][ ][ ][ ]
    [2][ ][1][ ][ ][0]
    [ ][ ][ ][ ][ ][ ]
    [ ][ ][ ][ ][ ][ ]
    [ ][3][ ][ ][4][ ]

146: [[1, 5], [1, 2], [1, 0], [4, 4], [4, 1]]
    [ ][ ][ ][ ][ ][ ]
    [2][ ][1][ ][ ][0]
    [ ][ ][ ][ ][ ][ ]
    [ ][ ][ ][ ][ ][ ]
    [ ][4][ ][ ][3][ ]

147: [[1, 5], [1, 2], [4, 1], [1, 0], [4, 4]]
    [ ][ ][ ][ ][ ][ ]
    [3][ ][1][ ][ ][0]
    [ ][ ][ ][ ][ ][ ]
    [ ][ ][ ][ ][ ][ ]
    [ ][2][ ][ ][4][ ]

148: [[1, 5], [1, 2], [4, 1], [4, 4], [1, 0]]
    [ ][ ][ ][ ][ ][ ]
    [4][ ][1][ ][ ][0]
    [ ][ ][ ][ ][ ][ ]
    [ ][ ][ ][ ][ ][ ]
    [ ][2][ ][ ][3][ ]

149: [[1, 5], [1, 2], [4, 4], [1, 0], [4, 1]]
    [ ][ ][ ][ ][ ][ ]
    [3][ ][1][ ][ ][0]
    [ ][ ][ ][ ][ ][ ]
    [ ][ ][ ][ ][ ][ ]
    [ ][4][ ][ ][2][ ]

150: [[1, 5], [1, 2], [4, 4], [4, 1], [1, 0]]
    [ ][ ][ ][ ][ ][ ]
    [4][ ][1][ ][ ][0]
    [ ][ ][ ][ ][ ][ ]
    [ ][ ][ ][ ][ ][ ]
    [ ][3][ ][ ][2][ ]

151: [[1, 5], [4, 1], [1, 2], [1, 0], [4, 4]]
    [ ][ ][ ][ ][ ][ ]
    [3][ ][2][ ][ ][0]
    [ ][ ][ ][ ][ ][ ]
    [ ][ ][ ][ ][ ][ ]
    [ ][1][ ][ ][4][ ]

152: [[1, 5], [4, 1], [1, 2], [4, 4], [1, 0]]
    [ ][ ][ ][ ][ ][ ]
    [4][ ][2][ ][ ][0]
    [ ][ ][ ][ ][ ][ ]
    [ ][ ][ ][ ][ ][ ]
    [ ][1][ ][ ][3][ ]

153: [[1, 5], [4, 1], [4, 4], [1, 2], [1, 0]]
    [ ][ ][ ][ ][ ][ ]
    [4][ ][3][ ][ ][0]
    [ ][ ][ ][ ][ ][ ]
    [ ][ ][ ][ ][ ][ ]
    [ ][1][ ][ ][2][ ]

154: [[1, 5], [4, 4], [1, 2], [1, 0], [4, 1]]
    [ ][ ][ ][ ][ ][ ]
    [3][ ][2][ ][ ][0]
    [ ][ ][ ][ ][ ][ ]
    [ ][ ][ ][ ][ ][ ]
    [ ][4][ ][ ][1][ ]

155: [[1, 5], [4, 4], [1, 2], [4, 1], [1, 0]]
    [ ][ ][ ][ ][ ][ ]
    [4][ ][2][ ][ ][0]
    [ ][ ][ ][ ][ ][ ]
    [ ][ ][ ][ ][ ][ ]
    [ ][3][ ][ ][1][ ]

156: [[1, 5], [4, 4], [4, 1], [1, 2], [1, 0]]
    [ ][ ][ ][ ][ ][ ]
    [4][ ][3][ ][ ][0]
    [ ][ ][ ][ ][ ][ ]
    [ ][ ][ ][ ][ ][ ]
    [ ][2][ ][ ][1][ ]

157: [[4, 1], [1, 2], [1, 0], [1, 5], [4, 4]]
    [ ][ ][ ][ ][ ][ ]
    [2][ ][1][ ][ ][3]
    [ ][ ][ ][ ][ ][ ]
    [ ][ ][ ][ ][ ][ ]
    [ ][0][ ][ ][4][ ]

158: [[4, 1], [1, 2], [1, 0], [4, 4], [1, 5]]
    [ ][ ][ ][ ][ ][ ]
    [2][ ][1][ ][ ][4]
    [ ][ ][ ][ ][ ][ ]
    [ ][ ][ ][ ][ ][ ]
    [ ][0][ ][ ][3][ ]

159: [[4, 1], [1, 2], [1, 5], [1, 0], [4, 4]]
    [ ][ ][ ][ ][ ][ ]
    [3][ ][1][ ][ ][2]
    [ ][ ][ ][ ][ ][ ]
    [ ][ ][ ][ ][ ][ ]
    [ ][0][ ][ ][4][ ]

160: [[4, 1], [1, 2], [1, 5], [4, 4], [1, 0]]
    [ ][ ][ ][ ][ ][ ]
    [4][ ][1][ ][ ][2]
    [ ][ ][ ][ ][ ][ ]
    [ ][ ][ ][ ][ ][ ]
    [ ][0][ ][ ][3][ ]

161: [[4, 1], [1, 2], [4, 4], [1, 0], [1, 5]]
    [ ][ ][ ][ ][ ][ ]
    [3][ ][1][ ][ ][4]
    [ ][ ][ ][ ][ ][ ]
    [ ][ ][ ][ ][ ][ ]
    [ ][0][ ][ ][2][ ]

162: [[4, 1], [1, 2], [4, 4], [1, 5], [1, 0]]
    [ ][ ][ ][ ][ ][ ]
    [4][ ][1][ ][ ][3]
    [ ][ ][ ][ ][ ][ ]
    [ ][ ][ ][ ][ ][ ]
    [ ][0][ ][ ][2][ ]

163: [[4, 1], [1, 5], [1, 2], [1, 0], [4, 4]]
    [ ][ ][ ][ ][ ][ ]
    [3][ ][2][ ][ ][1]
    [ ][ ][ ][ ][ ][ ]
    [ ][ ][ ][ ][ ][ ]
    [ ][0][ ][ ][4][ ]

164: [[4, 1], [1, 5], [1, 2], [4, 4], [1, 0]]
    [ ][ ][ ][ ][ ][ ]
    [4][ ][2][ ][ ][1]
    [ ][ ][ ][ ][ ][ ]
    [ ][ ][ ][ ][ ][ ]
    [ ][0][ ][ ][3][ ]

165: [[4, 1], [1, 5], [4, 4], [1, 2], [1, 0]]
    [ ][ ][ ][ ][ ][ ]
    [4][ ][3][ ][ ][1]
    [ ][ ][ ][ ][ ][ ]
    [ ][ ][ ][ ][ ][ ]
    [ ][0][ ][ ][2][ ]

166: [[4, 1], [4, 4], [1, 2], [1, 0], [1, 5]]
    [ ][ ][ ][ ][ ][ ]
    [3][ ][2][ ][ ][4]
    [ ][ ][ ][ ][ ][ ]
    [ ][ ][ ][ ][ ][ ]
    [ ][0][ ][ ][1][ ]

167: [[4, 1], [4, 4], [1, 2], [1, 5], [1, 0]]
    [ ][ ][ ][ ][ ][ ]
    [4][ ][2][ ][ ][3]
    [ ][ ][ ][ ][ ][ ]
    [ ][ ][ ][ ][ ][ ]
    [ ][0][ ][ ][1][ ]

168: [[4, 1], [4, 4], [1, 5], [1, 2], [1, 0]]
    [ ][ ][ ][ ][ ][ ]
    [4][ ][3][ ][ ][2]
    [ ][ ][ ][ ][ ][ ]
    [ ][ ][ ][ ][ ][ ]
    [ ][0][ ][ ][1][ ]

169: [[4, 4], [1, 2], [1, 0], [1, 5], [4, 1]]
    [ ][ ][ ][ ][ ][ ]
    [2][ ][1][ ][ ][3]
    [ ][ ][ ][ ][ ][ ]
    [ ][ ][ ][ ][ ][ ]
    [ ][4][ ][ ][0][ ]

170: [[4, 4], [1, 2], [1, 0], [4, 1], [1, 5]]
    [ ][ ][ ][ ][ ][ ]
    [2][ ][1][ ][ ][4]
    [ ][ ][ ][ ][ ][ ]
    [ ][ ][ ][ ][ ][ ]
    [ ][3][ ][ ][0][ ]

171: [[4, 4], [1, 2], [1, 5], [1, 0], [4, 1]]
    [ ][ ][ ][ ][ ][ ]
    [3][ ][1][ ][ ][2]
    [ ][ ][ ][ ][ ][ ]
    [ ][ ][ ][ ][ ][ ]
    [ ][4][ ][ ][0][ ]

172: [[4, 4], [1, 2], [1, 5], [4, 1], [1, 0]]
    [ ][ ][ ][ ][ ][ ]
    [4][ ][1][ ][ ][2]
    [ ][ ][ ][ ][ ][ ]
    [ ][ ][ ][ ][ ][ ]
    [ ][3][ ][ ][0][ ]

173: [[4, 4], [1, 2], [4, 1], [1, 0], [1, 5]]
    [ ][ ][ ][ ][ ][ ]
    [3][ ][1][ ][ ][4]
    [ ][ ][ ][ ][ ][ ]
    [ ][ ][ ][ ][ ][ ]
    [ ][2][ ][ ][0][ ]

174: [[4, 4], [1, 2], [4, 1], [1, 5], [1, 0]]
    [ ][ ][ ][ ][ ][ ]
    [4][ ][1][ ][ ][3]
    [ ][ ][ ][ ][ ][ ]
    [ ][ ][ ][ ][ ][ ]
    [ ][2][ ][ ][0][ ]

175: [[4, 4], [1, 5], [1, 2], [1, 0], [4, 1]]
    [ ][ ][ ][ ][ ][ ]
    [3][ ][2][ ][ ][1]
    [ ][ ][ ][ ][ ][ ]
    [ ][ ][ ][ ][ ][ ]
    [ ][4][ ][ ][0][ ]

176: [[4, 4], [1, 5], [1, 2], [4, 1], [1, 0]]
    [ ][ ][ ][ ][ ][ ]
    [4][ ][2][ ][ ][1]
    [ ][ ][ ][ ][ ][ ]
    [ ][ ][ ][ ][ ][ ]
    [ ][3][ ][ ][0][ ]

177: [[4, 4], [1, 5], [4, 1], [1, 2], [1, 0]]
    [ ][ ][ ][ ][ ][ ]
    [4][ ][3][ ][ ][1]
    [ ][ ][ ][ ][ ][ ]
    [ ][ ][ ][ ][ ][ ]
    [ ][2][ ][ ][0][ ]

178: [[4, 4], [4, 1], [1, 2], [1, 0], [1, 5]]
    [ ][ ][ ][ ][ ][ ]
    [3][ ][2][ ][ ][4]
    [ ][ ][ ][ ][ ][ ]
    [ ][ ][ ][ ][ ][ ]
    [ ][1][ ][ ][0][ ]

179: [[4, 4], [4, 1], [1, 2], [1, 5], [1, 0]]
    [ ][ ][ ][ ][ ][ ]
    [4][ ][2][ ][ ][3]
    [ ][ ][ ][ ][ ][ ]
    [ ][ ][ ][ ][ ][ ]
    [ ][1][ ][ ][0][ ]

180: [[4, 4], [4, 1], [1, 5], [1, 2], [1, 0]]
    [ ][ ][ ][ ][ ][ ]
    [4][ ][3][ ][ ][2]
    [ ][ ][ ][ ][ ][ ]
    [ ][ ][ ][ ][ ][ ]
    [ ][1][ ][ ][0][ ]

181: [[1, 0], [1, 3], [1, 5], [4, 1], [4, 4]]
    [ ][ ][ ][ ][ ][ ]
    [0][ ][ ][1][ ][2]
    [ ][ ][ ][ ][ ][ ]
    [ ][ ][ ][ ][ ][ ]
    [ ][3][ ][ ][4][ ]

182: [[1, 0], [1, 3], [1, 5], [4, 4], [4, 1]]
    [ ][ ][ ][ ][ ][ ]
    [0][ ][ ][1][ ][2]
    [ ][ ][ ][ ][ ][ ]
    [ ][ ][ ][ ][ ][ ]
    [ ][4][ ][ ][3][ ]

183: [[1, 0], [1, 3], [4, 1], [1, 5], [4, 4]]
    [ ][ ][ ][ ][ ][ ]
    [0][ ][ ][1][ ][3]
    [ ][ ][ ][ ][ ][ ]
    [ ][ ][ ][ ][ ][ ]
    [ ][2][ ][ ][4][ ]

184: [[1, 0], [1, 3], [4, 1], [4, 4], [1, 5]]
    [ ][ ][ ][ ][ ][ ]
    [0][ ][ ][1][ ][4]
    [ ][ ][ ][ ][ ][ ]
    [ ][ ][ ][ ][ ][ ]
    [ ][2][ ][ ][3][ ]

185: [[1, 0], [1, 3], [4, 4], [1, 5], [4, 1]]
    [ ][ ][ ][ ][ ][ ]
    [0][ ][ ][1][ ][3]
    [ ][ ][ ][ ][ ][ ]
    [ ][ ][ ][ ][ ][ ]
    [ ][4][ ][ ][2][ ]

186: [[1, 0], [1, 3], [4, 4], [4, 1], [1, 5]]
    [ ][ ][ ][ ][ ][ ]
    [0][ ][ ][1][ ][4]
    [ ][ ][ ][ ][ ][ ]
    [ ][ ][ ][ ][ ][ ]
    [ ][3][ ][ ][2][ ]

187: [[1, 0], [4, 1], [1, 3], [1, 5], [4, 4]]
    [ ][ ][ ][ ][ ][ ]
    [0][ ][ ][2][ ][3]
    [ ][ ][ ][ ][ ][ ]
    [ ][ ][ ][ ][ ][ ]
    [ ][1][ ][ ][4][ ]

188: [[1, 0], [4, 1], [1, 3], [4, 4], [1, 5]]
    [ ][ ][ ][ ][ ][ ]
    [0][ ][ ][2][ ][4]
    [ ][ ][ ][ ][ ][ ]
    [ ][ ][ ][ ][ ][ ]
    [ ][1][ ][ ][3][ ]

189: [[1, 0], [4, 1], [4, 4], [1, 3], [1, 5]]
    [ ][ ][ ][ ][ ][ ]
    [0][ ][ ][3][ ][4]
    [ ][ ][ ][ ][ ][ ]
    [ ][ ][ ][ ][ ][ ]
    [ ][1][ ][ ][2][ ]

190: [[1, 0], [4, 4], [1, 3], [1, 5], [4, 1]]
    [ ][ ][ ][ ][ ][ ]
    [0][ ][ ][2][ ][3]
    [ ][ ][ ][ ][ ][ ]
    [ ][ ][ ][ ][ ][ ]
    [ ][4][ ][ ][1][ ]

191: [[1, 0], [4, 4], [1, 3], [4, 1], [1, 5]]
    [ ][ ][ ][ ][ ][ ]
    [0][ ][ ][2][ ][4]
    [ ][ ][ ][ ][ ][ ]
    [ ][ ][ ][ ][ ][ ]
    [ ][3][ ][ ][1][ ]

192: [[1, 0], [4, 4], [4, 1], [1, 3], [1, 5]]
    [ ][ ][ ][ ][ ][ ]
    [0][ ][ ][3][ ][4]
    [ ][ ][ ][ ][ ][ ]
    [ ][ ][ ][ ][ ][ ]
    [ ][2][ ][ ][1][ ]

193: [[1, 3], [1, 0], [1, 5], [4, 1], [4, 4]]
    [ ][ ][ ][ ][ ][ ]
    [1][ ][ ][0][ ][2]
    [ ][ ][ ][ ][ ][ ]
    [ ][ ][ ][ ][ ][ ]
    [ ][3][ ][ ][4][ ]

194: [[1, 3], [1, 0], [1, 5], [4, 4], [4, 1]]
    [ ][ ][ ][ ][ ][ ]
    [1][ ][ ][0][ ][2]
    [ ][ ][ ][ ][ ][ ]
    [ ][ ][ ][ ][ ][ ]
    [ ][4][ ][ ][3][ ]

195: [[1, 3], [1, 0], [4, 1], [1, 5], [4, 4]]
    [ ][ ][ ][ ][ ][ ]
    [1][ ][ ][0][ ][3]
    [ ][ ][ ][ ][ ][ ]
    [ ][ ][ ][ ][ ][ ]
    [ ][2][ ][ ][4][ ]

196: [[1, 3], [1, 0], [4, 1], [4, 4], [1, 5]]
    [ ][ ][ ][ ][ ][ ]
    [1][ ][ ][0][ ][4]
    [ ][ ][ ][ ][ ][ ]
    [ ][ ][ ][ ][ ][ ]
    [ ][2][ ][ ][3][ ]

197: [[1, 3], [1, 0], [4, 4], [1, 5], [4, 1]]
    [ ][ ][ ][ ][ ][ ]
    [1][ ][ ][0][ ][3]
    [ ][ ][ ][ ][ ][ ]
    [ ][ ][ ][ ][ ][ ]
    [ ][4][ ][ ][2][ ]

198: [[1, 3], [1, 0], [4, 4], [4, 1], [1, 5]]
    [ ][ ][ ][ ][ ][ ]
    [1][ ][ ][0][ ][4]
    [ ][ ][ ][ ][ ][ ]
    [ ][ ][ ][ ][ ][ ]
    [ ][3][ ][ ][2][ ]

199: [[1, 3], [1, 5], [1, 0], [4, 1], [4, 4]]
    [ ][ ][ ][ ][ ][ ]
    [2][ ][ ][0][ ][1]
    [ ][ ][ ][ ][ ][ ]
    [ ][ ][ ][ ][ ][ ]
    [ ][3][ ][ ][4][ ]

200: [[1, 3], [1, 5], [1, 0], [4, 4], [4, 1]]
    [ ][ ][ ][ ][ ][ ]
    [2][ ][ ][0][ ][1]
    [ ][ ][ ][ ][ ][ ]
    [ ][ ][ ][ ][ ][ ]
    [ ][4][ ][ ][3][ ]

201: [[1, 3], [1, 5], [4, 1], [1, 0], [4, 4]]
    [ ][ ][ ][ ][ ][ ]
    [3][ ][ ][0][ ][1]
    [ ][ ][ ][ ][ ][ ]
    [ ][ ][ ][ ][ ][ ]
    [ ][2][ ][ ][4][ ]

202: [[1, 3], [1, 5], [4, 1], [4, 4], [1, 0]]
    [ ][ ][ ][ ][ ][ ]
    [4][ ][ ][0][ ][1]
    [ ][ ][ ][ ][ ][ ]
    [ ][ ][ ][ ][ ][ ]
    [ ][2][ ][ ][3][ ]

203: [[1, 3], [1, 5], [4, 4], [1, 0], [4, 1]]
    [ ][ ][ ][ ][ ][ ]
    [3][ ][ ][0][ ][1]
    [ ][ ][ ][ ][ ][ ]
    [ ][ ][ ][ ][ ][ ]
    [ ][4][ ][ ][2][ ]

204: [[1, 3], [1, 5], [4, 4], [4, 1], [1, 0]]
    [ ][ ][ ][ ][ ][ ]
    [4][ ][ ][0][ ][1]
    [ ][ ][ ][ ][ ][ ]
    [ ][ ][ ][ ][ ][ ]
    [ ][3][ ][ ][2][ ]

205: [[1, 3], [4, 1], [1, 0], [1, 5], [4, 4]]
    [ ][ ][ ][ ][ ][ ]
    [2][ ][ ][0][ ][3]
    [ ][ ][ ][ ][ ][ ]
    [ ][ ][ ][ ][ ][ ]
    [ ][1][ ][ ][4][ ]

206: [[1, 3], [4, 1], [1, 0], [4, 4], [1, 5]]
    [ ][ ][ ][ ][ ][ ]
    [2][ ][ ][0][ ][4]
    [ ][ ][ ][ ][ ][ ]
    [ ][ ][ ][ ][ ][ ]
    [ ][1][ ][ ][3][ ]

207: [[1, 3], [4, 1], [1, 5], [1, 0], [4, 4]]
    [ ][ ][ ][ ][ ][ ]
    [3][ ][ ][0][ ][2]
    [ ][ ][ ][ ][ ][ ]
    [ ][ ][ ][ ][ ][ ]
    [ ][1][ ][ ][4][ ]

208: [[1, 3], [4, 1], [1, 5], [4, 4], [1, 0]]
    [ ][ ][ ][ ][ ][ ]
    [4][ ][ ][0][ ][2]
    [ ][ ][ ][ ][ ][ ]
    [ ][ ][ ][ ][ ][ ]
    [ ][1][ ][ ][3][ ]

209: [[1, 3], [4, 1], [4, 4], [1, 0], [1, 5]]
    [ ][ ][ ][ ][ ][ ]
    [3][ ][ ][0][ ][4]
    [ ][ ][ ][ ][ ][ ]
    [ ][ ][ ][ ][ ][ ]
    [ ][1][ ][ ][2][ ]

210: [[1, 3], [4, 1], [4, 4], [1, 5], [1, 0]]
    [ ][ ][ ][ ][ ][ ]
    [4][ ][ ][0][ ][3]
    [ ][ ][ ][ ][ ][ ]
    [ ][ ][ ][ ][ ][ ]
    [ ][1][ ][ ][2][ ]

211: [[1, 3], [4, 4], [1, 0], [1, 5], [4, 1]]
    [ ][ ][ ][ ][ ][ ]
    [2][ ][ ][0][ ][3]
    [ ][ ][ ][ ][ ][ ]
    [ ][ ][ ][ ][ ][ ]
    [ ][4][ ][ ][1][ ]

212: [[1, 3], [4, 4], [1, 0], [4, 1], [1, 5]]
    [ ][ ][ ][ ][ ][ ]
    [2][ ][ ][0][ ][4]
    [ ][ ][ ][ ][ ][ ]
    [ ][ ][ ][ ][ ][ ]
    [ ][3][ ][ ][1][ ]

213: [[1, 3], [4, 4], [1, 5], [1, 0], [4, 1]]
    [ ][ ][ ][ ][ ][ ]
    [3][ ][ ][0][ ][2]
    [ ][ ][ ][ ][ ][ ]
    [ ][ ][ ][ ][ ][ ]
    [ ][4][ ][ ][1][ ]

214: [[1, 3], [4, 4], [1, 5], [4, 1], [1, 0]]
    [ ][ ][ ][ ][ ][ ]
    [4][ ][ ][0][ ][2]
    [ ][ ][ ][ ][ ][ ]
    [ ][ ][ ][ ][ ][ ]
    [ ][3][ ][ ][1][ ]

215: [[1, 3], [4, 4], [4, 1], [1, 0], [1, 5]]
    [ ][ ][ ][ ][ ][ ]
    [3][ ][ ][0][ ][4]
    [ ][ ][ ][ ][ ][ ]
    [ ][ ][ ][ ][ ][ ]
    [ ][2][ ][ ][1][ ]

216: [[1, 3], [4, 4], [4, 1], [1, 5], [1, 0]]
    [ ][ ][ ][ ][ ][ ]
    [4][ ][ ][0][ ][3]
    [ ][ ][ ][ ][ ][ ]
    [ ][ ][ ][ ][ ][ ]
    [ ][2][ ][ ][1][ ]

217: [[4, 1], [1, 0], [1, 3], [1, 5], [4, 4]]
    [ ][ ][ ][ ][ ][ ]
    [1][ ][ ][2][ ][3]
    [ ][ ][ ][ ][ ][ ]
    [ ][ ][ ][ ][ ][ ]
    [ ][0][ ][ ][4][ ]

218: [[4, 1], [1, 0], [1, 3], [4, 4], [1, 5]]
    [ ][ ][ ][ ][ ][ ]
    [1][ ][ ][2][ ][4]
    [ ][ ][ ][ ][ ][ ]
    [ ][ ][ ][ ][ ][ ]
    [ ][0][ ][ ][3][ ]

219: [[4, 1], [1, 0], [4, 4], [1, 3], [1, 5]]
    [ ][ ][ ][ ][ ][ ]
    [1][ ][ ][3][ ][4]
    [ ][ ][ ][ ][ ][ ]
    [ ][ ][ ][ ][ ][ ]
    [ ][0][ ][ ][2][ ]

220: [[4, 1], [1, 3], [1, 0], [1, 5], [4, 4]]
    [ ][ ][ ][ ][ ][ ]
    [2][ ][ ][1][ ][3]
    [ ][ ][ ][ ][ ][ ]
    [ ][ ][ ][ ][ ][ ]
    [ ][0][ ][ ][4][ ]

221: [[4, 1], [1, 3], [1, 0], [4, 4], [1, 5]]
    [ ][ ][ ][ ][ ][ ]
    [2][ ][ ][1][ ][4]
    [ ][ ][ ][ ][ ][ ]
    [ ][ ][ ][ ][ ][ ]
    [ ][0][ ][ ][3][ ]

222: [[4, 1], [1, 3], [1, 5], [1, 0], [4, 4]]
    [ ][ ][ ][ ][ ][ ]
    [3][ ][ ][1][ ][2]
    [ ][ ][ ][ ][ ][ ]
    [ ][ ][ ][ ][ ][ ]
    [ ][0][ ][ ][4][ ]

223: [[4, 1], [1, 3], [1, 5], [4, 4], [1, 0]]
    [ ][ ][ ][ ][ ][ ]
    [4][ ][ ][1][ ][2]
    [ ][ ][ ][ ][ ][ ]
    [ ][ ][ ][ ][ ][ ]
    [ ][0][ ][ ][3][ ]

224: [[4, 1], [1, 3], [4, 4], [1, 0], [1, 5]]
    [ ][ ][ ][ ][ ][ ]
    [3][ ][ ][1][ ][4]
    [ ][ ][ ][ ][ ][ ]
    [ ][ ][ ][ ][ ][ ]
    [ ][0][ ][ ][2][ ]

225: [[4, 1], [1, 3], [4, 4], [1, 5], [1, 0]]
    [ ][ ][ ][ ][ ][ ]
    [4][ ][ ][1][ ][3]
    [ ][ ][ ][ ][ ][ ]
    [ ][ ][ ][ ][ ][ ]
    [ ][0][ ][ ][2][ ]

226: [[4, 1], [4, 4], [1, 0], [1, 3], [1, 5]]
    [ ][ ][ ][ ][ ][ ]
    [2][ ][ ][3][ ][4]
    [ ][ ][ ][ ][ ][ ]
    [ ][ ][ ][ ][ ][ ]
    [ ][0][ ][ ][1][ ]

227: [[4, 1], [4, 4], [1, 3], [1, 0], [1, 5]]
    [ ][ ][ ][ ][ ][ ]
    [3][ ][ ][2][ ][4]
    [ ][ ][ ][ ][ ][ ]
    [ ][ ][ ][ ][ ][ ]
    [ ][0][ ][ ][1][ ]

228: [[4, 1], [4, 4], [1, 3], [1, 5], [1, 0]]
    [ ][ ][ ][ ][ ][ ]
    [4][ ][ ][2][ ][3]
    [ ][ ][ ][ ][ ][ ]
    [ ][ ][ ][ ][ ][ ]
    [ ][0][ ][ ][1][ ]

229: [[4, 4], [1, 0], [1, 3], [1, 5], [4, 1]]
    [ ][ ][ ][ ][ ][ ]
    [1][ ][ ][2][ ][3]
    [ ][ ][ ][ ][ ][ ]
    [ ][ ][ ][ ][ ][ ]
    [ ][4][ ][ ][0][ ]

230: [[4, 4], [1, 0], [1, 3], [4, 1], [1, 5]]
    [ ][ ][ ][ ][ ][ ]
    [1][ ][ ][2][ ][4]
    [ ][ ][ ][ ][ ][ ]
    [ ][ ][ ][ ][ ][ ]
    [ ][3][ ][ ][0][ ]

231: [[4, 4], [1, 0], [4, 1], [1, 3], [1, 5]]
    [ ][ ][ ][ ][ ][ ]
    [1][ ][ ][3][ ][4]
    [ ][ ][ ][ ][ ][ ]
    [ ][ ][ ][ ][ ][ ]
    [ ][2][ ][ ][0][ ]

232: [[4, 4], [1, 3], [1, 0], [1, 5], [4, 1]]
    [ ][ ][ ][ ][ ][ ]
    [2][ ][ ][1][ ][3]
    [ ][ ][ ][ ][ ][ ]
    [ ][ ][ ][ ][ ][ ]
    [ ][4][ ][ ][0][ ]

233: [[4, 4], [1, 3], [1, 0], [4, 1], [1, 5]]
    [ ][ ][ ][ ][ ][ ]
    [2][ ][ ][1][ ][4]
    [ ][ ][ ][ ][ ][ ]
    [ ][ ][ ][ ][ ][ ]
    [ ][3][ ][ ][0][ ]

234: [[4, 4], [1, 3], [1, 5], [1, 0], [4, 1]]
    [ ][ ][ ][ ][ ][ ]
    [3][ ][ ][1][ ][2]
    [ ][ ][ ][ ][ ][ ]
    [ ][ ][ ][ ][ ][ ]
    [ ][4][ ][ ][0][ ]

235: [[4, 4], [1, 3], [1, 5], [4, 1], [1, 0]]
    [ ][ ][ ][ ][ ][ ]
    [4][ ][ ][1][ ][2]
    [ ][ ][ ][ ][ ][ ]
    [ ][ ][ ][ ][ ][ ]
    [ ][3][ ][ ][0][ ]

236: [[4, 4], [1, 3], [4, 1], [1, 0], [1, 5]]
    [ ][ ][ ][ ][ ][ ]
    [3][ ][ ][1][ ][4]
    [ ][ ][ ][ ][ ][ ]
    [ ][ ][ ][ ][ ][ ]
    [ ][2][ ][ ][0][ ]

237: [[4, 4], [1, 3], [4, 1], [1, 5], [1, 0]]
    [ ][ ][ ][ ][ ][ ]
    [4][ ][ ][1][ ][3]
    [ ][ ][ ][ ][ ][ ]
    [ ][ ][ ][ ][ ][ ]
    [ ][2][ ][ ][0][ ]

238: [[4, 4], [4, 1], [1, 0], [1, 3], [1, 5]]
    [ ][ ][ ][ ][ ][ ]
    [2][ ][ ][3][ ][4]
    [ ][ ][ ][ ][ ][ ]
    [ ][ ][ ][ ][ ][ ]
    [ ][1][ ][ ][0][ ]

239: [[4, 4], [4, 1], [1, 3], [1, 0], [1, 5]]
    [ ][ ][ ][ ][ ][ ]
    [3][ ][ ][2][ ][4]
    [ ][ ][ ][ ][ ][ ]
    [ ][ ][ ][ ][ ][ ]
    [ ][1][ ][ ][0][ ]

240: [[4, 4], [4, 1], [1, 3], [1, 5], [1, 0]]
    [ ][ ][ ][ ][ ][ ]
    [4][ ][ ][2][ ][3]
    [ ][ ][ ][ ][ ][ ]
    [ ][ ][ ][ ][ ][ ]
    [ ][1][ ][ ][0][ ]

